  -0.436  -0.298   0.106   2.251 -13.220  -4.079
   0.018  -0.289   0.245  -4.270 -10.799  -4.410
  -0.023  -0.280   0.222  -6.433  -3.576  -2.955
  -0.340  -0.471  -0.189   8.710 -10.049  -1.876
   0.296  -0.171  -0.032   4.785 -16.159  -2.048
  -0.053   0.001   0.160   4.796 -17.621   1.364
   0.273  -0.083   0.116  -0.081 -17.219   3.744
   0.219  -0.175  -0.129  -2.114 -17.148  -3.282
  -0.036  -0.282  -0.024 -10.122 -15.978  -1.545
   0.113  -0.307   0.271   1.928  -4.695  -1.752
   0.036  -0.303   0.552  -3.641 -16.970  -5.885
  -0.498  -0.145   0.209   5.870   2.745  -4.183
