  -0.538   0.158   3.500   9.548   4.009  40.496
   0.861  -0.684   3.467  -6.863  -0.701  38.308
  -0.479   1.620   3.079  18.082  -8.137  26.629
  -0.233  -0.159   3.358   4.790   3.407  40.080
  -0.731  -0.314   3.248   1.629   2.499  35.527
  -0.823  -0.289   3.451  -4.895  -2.575  36.351
  -0.456   0.959   3.264  -1.163  -5.910  35.663
  -0.028  -0.201   3.380  -0.299   0.248  38.080
   1.045  -1.207   3.268   7.250   5.829  30.209
   1.887   1.330   3.532 -16.782   5.456  42.842
   0.630  -0.848   3.301  -4.736  -4.815  32.987
