  -0.322   0.166   3.481  -2.820   6.777  40.103
   0.467   0.175   3.491   0.617  -4.438  38.146
  -0.326   0.699   3.073   3.726   7.689  24.911
  -0.084   0.097   3.331  -2.416   3.304  39.921
   0.050  -0.339   3.226  -1.308   1.141  35.501
   0.304  -0.770   3.347   1.797  -3.057  36.253
  -0.248  -0.218   3.273   3.098   0.581  35.666
   0.110  -0.020   3.339  -0.043  -0.115  38.079
   0.374   0.849   3.214  -2.933   3.504  29.771
  -1.198   0.361   3.653  -4.410 -12.047  40.633
   0.725   0.106   3.246   3.235  -2.667  32.881
